SFG_L_6_1
1 0 255 0 255
SFG_R_6_1
2 0 0 255 255
SFG_L_6_2
3 255 0 0 255
SFG_R_6_2
4 0 246 255 255
SFG_L_6_3
5 255 123 220 255
SFG_R_6_3
6 255 220 123 255
SFG_L_6_4
7 0 141 255 255
SFG_R_6_4
8 0 106 9 255
SFG_L_6_5
9 158 70 53 255
SFG_R_6_5
10 62 0 106 255
SFG_L_6_6
11 229 0 255 255
SFG_R_6_6
12 79 123 141 255
MFG_L_7_1
13 220 255 0 255
MFG_R_7_1
14 255 0 106 255
MFG_L_7_2
15 237 132 0 255
MFG_R_7_2
16 123 88 246 255
MFG_L_7_3
17 141 0 88 255
MFG_R_7_3
18 123 106 0 255
MFG_L_7_4
19 158 185 141 255
MFG_R_7_4
20 141 106 176 255
MFG_L_7_5
21 97 185 0 255
MFG_R_7_5
22 255 158 176 255
MFG_L_7_6
23 0 44 97 255
MFG_R_7_6
24 62 193 255 255
MFG_L_7_7
25 62 79 44 255
MFG_R_7_7
26 167 9 167 255
IFG_L_6_1
27 97 62 79 255
IFG_R_6_1
28 0 185 141 255
IFG_L_6_2
29 255 211 0 255
IFG_R_6_2
30 255 106 79 255
IFG_L_6_3
31 0 0 158 255
IFG_R_6_3
32 70 0 0 255
IFG_L_6_4
33 237 185 255 255
IFG_R_6_4
34 202 149 106 255
IFG_L_6_5
35 255 0 167 255
IFG_R_6_5
36 220 255 123 255
IFG_L_6_6
37 44 70 176 255
IFG_R_6_6
38 158 167 0 255
OrG_L_6_1
39 149 211 220 255
OrG_R_6_1
40 176 149 167 255
OrG_L_6_2
41 202 132 255 255
OrG_R_6_2
42 0 255 114 255
OrG_L_6_3
43 167 0 0 255
OrG_R_6_3
44 132 0 229 255
OrG_L_6_4
45 44 0 44 255
OrG_R_6_4
46 255 255 202 255
OrG_L_6_5
47 229 79 141 255
OrG_R_6_5
48 176 255 211 255
OrG_L_6_6
49 0 176 79 255
OrG_R_6_6
50 88 53 0 255
PrG_L_6_1
51 0 106 167 255
PrG_R_6_1
52 149 167 229 255
PrG_L_6_2
53 141 193 97 255
PrG_R_6_2
54 35 123 97 255
PrG_L_6_3
55 176 97 132 255
PrG_R_6_3
56 176 0 62 255
PrG_L_6_4
57 167 88 0 255
PrG_R_6_4
58 255 62 229 255
PrG_L_6_5
59 0 62 70 255
PrG_R_6_5
60 149 255 62 255
PrG_L_6_6
61 132 106 88 255
PrG_R_6_6
62 0 255 202 255
PCL_L_2_1
63 202 149 44 255
PCL_R_2_1
64 255 0 62 255
PCL_L_2_2
65 106 132 62 255
PCL_R_2_2
66 0 62 255 255
STG_L_6_1
67 0 167 176 255
STG_R_6_1
68 202 88 255 255
STG_L_6_2
69 255 202 185 255
STG_R_6_2
70 106 44 106 255
STG_L_6_3
71 255 158 97 255
STG_R_6_3
72 132 70 185 255
STG_L_6_4
73 176 70 158 255
STG_R_6_4
74 149 149 255 255
STG_L_6_5
75 255 106 123 255
STG_R_6_5
76 0 106 255 255
STG_L_6_6
77 114 9 176 255
STG_R_6_6
78 176 167 79 255
MTG_L_4_1
79 229 79 0 255
MTG_R_4_1
80 0 0 70 255
MTG_L_4_2
81 53 35 18 255
MTG_R_4_2
82 88 141 0 255
MTG_L_4_3
83 0 35 9 255
MTG_R_4_3
84 26 211 18 255
MTG_L_4_4
85 123 44 62 255
MTG_R_4_4
86 88 88 132 255
ITG_L_5_1
87 211 229 211 255
ITG_R_5_1
88 114 0 0 255
ITG_L_5_2
89 202 246 167 255
ITG_R_5_2
90 167 211 9 255
ITG_L_5_3
91 246 141 123 255
ITG_R_5_3
92 26 141 79 255
ITG_L_5_4
93 0 18 44 255
ITG_R_5_4
94 106 220 202 255
ITG_L_5_5
95 70 79 0 255
ITG_R_5_5
96 149 97 44 255
FuG_L_3_1
97 185 114 106 255
FuG_R_3_1
98 0 26 141 255
FuG_L_3_2
99 0 255 158 255
FuG_R_3_2
100 255 176 9 255
FuG_L_3_3
101 123 202 141 255
FuG_R_3_3
102 123 237 97 255
PhG_L_6_1
103 79 88 88 255
PhG_R_6_1
104 220 132 193 255
PhG_L_6_2
105 114 0 114 255
PhG_R_6_2
106 211 193 141 255
PhG_L_6_3
107 185 193 220 255
PhG_R_6_3
108 79 97 176 255
PhG_L_6_4
109 88 0 53 255
PhG_R_6_4
110 193 79 97 255
PhG_L_6_5
111 70 53 123 255
PhG_R_6_5
112 220 193 53 255
PhG_L_6_6
113 185 167 149 255
PhG_R_6_6
114 220 97 229 255
pSTS_L_2_1
115 141 123 70 255
pSTS_R_2_1
116 0 141 185 255
pSTS_L_2_2
117 9 62 211 255
pSTS_R_2_2
118 114 106 229 255
SPL_L_3_1
119 0 149 0 255
SPL_R_3_1
120 44 9 18 255
SPL_L_3_2
121 193 79 44 255
SPL_R_3_2
122 255 193 132 255
SPL_L_3_3
123 44 44 53 255
SPL_R_3_3
124 53 220 255 255
IPL_L_6_1
125 106 176 149 255
IPL_R_6_1
126 35 0 202 255
IPL_L_6_2
127 211 220 123 255
IPL_R_6_2
128 123 53 0 255
IPL_L_6_3
129 167 0 211 255
IPL_R_6_3
130 18 79 114 255
IPL_L_6_4
131 9 79 62 255
IPL_R_6_4
132 246 158 255 255
IPL_L_6_5
133 114 176 211 255
IPL_R_6_5
134 106 62 53 255
IPL_L_6_6
135 53 106 53 255
IPL_R_6_6
136 220 62 185 255
PCun_L_4_1
137 0 202 70 255
PCun_R_4_1
138 62 44 79 255
PCun_L_4_2
139 246 9 132 255
PCun_R_4_2
140 185 149 202 255
PCun_L_4_3
141 220 18 18 255
PCun_R_4_3
142 176 255 246 255
PCun_L_4_4
143 62 220 149 255
PCun_R_4_4
144 167 202 70 255
PoG_L_4_1
145 132 141 176 255
PoG_R_4_1
146 88 53 185 255
PoG_L_4_2
147 193 149 237 255
PoG_R_4_2
148 97 114 0 255
PoG_L_4_3
149 255 132 185 255
PoG_R_4_3
150 185 0 97 255
PoG_L_4_4
151 167 237 123 255
PoG_R_4_4
152 255 246 0 255
INS_L_6_1
153 123 0 35 255
INS_R_6_1
154 193 255 88 255
INS_L_6_2
155 79 149 62 255
INS_R_6_2
156 0 62 141 255
INS_L_6_3
157 88 44 211 255
INS_R_6_3
158 246 79 176 255
CG_L_5_1
159 158 141 9 255
CG_R_5_1
160 123 123 132 255
CG_L_5_2
161 149 97 106 255
CG_R_5_2
162 106 202 88 255
CG_L_5_3
163 211 158 158 255
CG_R_5_3
164 158 88 149 255
CG_L_5_4
165 220 193 202 255
CG_R_5_4
166 149 62 237 255
CG_L_5_5
167 167 97 237 255
CG_R_5_5
168 97 79 44 255
MVOcC_L_5_1
169 0 106 106 255
MVOcC_R_5_1
170 255 246 123 255
MVOcC_L_5_2
171 88 255 229 255
MVOcC_R_5_2
172 211 237 255 255
MVOcC_L_5_3
173 97 35 255 255
MVOcC_R_5_3
174 106 9 141 255
MVOcC_L_5_4
175 132 62 149 255
MVOcC_R_5_4
176 106 114 79 255
MVOcC_L_5_5
177 132 255 193 255
MVOcC_R_5_5
178 158 0 132 255
LOcC_L_4_1
179 97 158 158 255
LOcC_R_4_1
180 202 0 202 255
LOcC_L_4_2
181 35 106 220 255
LOcC_R_4_2
182 35 44 0 255
LOcC_L_4_3
183 220 97 88 255
LOcC_R_4_3
184 114 123 185 255
LOcC_L_4_4
185 149 18 70 255
LOcC_R_4_4
186 211 202 255 255
LOcC_L_1_1
187 185 0 255 255
LOcC_R_1_1
188 0 158 141 255
